- Jet Lab

- Experiment date = 2021-11-23 14:07:38
- Number of samples in measure = 15
- Number of motor steps between measures = 10
- Measures count = 100

- adc12bit
798
780
785
785
788
792
784
782
786
784
784
790
763
787
784
785
786
782
777
786
789
794
800
799
798
788
790
795
798
800
806
800
796
796
791
793
790
791
790
784
793
787
783
832
1741
3135
3215
3262
3212
3092
3209
3144
3177
3213
3267
3114
2989
2230
1671
1168
845
789
771
776
779
786
786
774
779
789
773
785
775
779
785
785
780
777
778
780
782
779
773
784
785
784
786
772
782
787
782
784
777
782
785
795
796
796
796
790
