- Jet Lab

- Experiment date = 2021-11-23 14:08:55
- Number of samples in measure = 15
- Number of motor steps between measures = 10
- Measures count = 100

- adc12bit
777
773
786
785
791
788
782
780
781
783
787
791
783
786
784
783
791
781
781
783
784
793
798
792
789
773
787
792
791
792
797
792
789
782
779
785
787
787
823
807
797
886
1126
1271
1757
2335
2855
2904
3062
3239
3213
3104
3228
3162
3081
2858
2511
2244
1945
1615
1238
1121
935
809
786
756
783
784
784
790
780
777
776
776
793
787
783
776
791
799
795
800
796
793
792
783
798
792
792
791
794
795
791
786
790
790
780
773
786
787
