- Jet Lab

- Experiment date = 2021-11-23 14:10:06
- Number of samples in measure = 15
- Number of motor steps between measures = 10
- Measures count = 100

- adc12bit
781
786
790
788
778
783
786
790
790
789
780
781
787
790
788
783
781
783
790
791
785
782
790
788
784
783
779
791
787
773
782
780
782
778
778
787
774
786
848
819
968
1048
1074
1220
1611
1820
2082
2440
2573
2835
2872
3046
2996
2869
2907
2776
2409
2475
2140
1783
1380
1262
1153
977
936
871
865
811
791
794
793
793
786
796
793
801
802
796
793
793
788
791
792
792
797
786
785
784
790
793
790
795
793
792
788
789
791
781
785
762
