- Jet Lab

- Experiment date = 2021-11-23 14:12:01
- Number of samples in measure = 15
- Number of motor steps between measures = 10
- Measures count = 100

- adc12bit
801
803
794
799
797
804
799
800
799
798
802
802
802
800
795
791
791
793
795
795
799
798
801
799
794
790
796
788
794
802
821
801
830
813
876
844
867
969
982
1085
1036
1135
1336
1497
1424
1713
1949
2382
2388
2701
2863
2608
2530
2759
2485
2462
2243
2028
1799
1645
1495
1267
1191
1028
1086
884
961
850
794
804
805
800
824
789
783
784
791
785
791
785
796
799
789
788
793
794
790
790
791
802
793
780
786
789
793
786
800
795
785
789
