- Jet Lab

- Experiment date = 2021-11-23 14:13:43
- Number of samples in measure = 15
- Number of motor steps between measures = 10
- Measures count = 100

- adc12bit
798
795
799
803
798
800
804
804
804
798
797
801
798
795
799
800
806
806
802
796
793
810
800
802
795
806
805
793
800
799
805
816
840
865
827
894
871
982
1084
907
1241
1173
1129
1410
1309
1401
1769
1902
2130
2152
2425
2286
2352
2453
2431
2453
2130
2205
2083
1936
1492
1479
1485
1252
1154
1103
1108
912
898
878
868
862
834
799
782
798
794
788
795
787
788
792
799
800
766
788
786
797
794
790
796
793
787
791
791
793
795
797
787
790
