- Jet Lab

- Experiment date = 2021-11-23 14:15:09
- Number of samples in measure = 15
- Number of motor steps between measures = 10
- Measures count = 100

- adc12bit
792
797
800
788
786
789
788
789
796
799
790
791
786
783
781
795
783
780
782
779
793
788
779
778
782
787
787
786
798
790
820
804
804
839
838
864
948
920
898
1061
1001
1273
1238
1269
1255
1443
1579
1757
1885
1944
2082
1932
1997
2166
2207
2167
2285
2137
2113
1947
1836
1511
1361
1389
1092
1183
1000
905
948
948
910
858
927
827
863
857
812
788
788
786
785
792
785
781
781
779
784
789
786
791
783
787
792
792
781
788
788
792
789
785
