- Jet Lab

- Experiment date = 2021-11-23 14:05:55
- Number of samples in measure = 15
- Number of motor steps between measures = 10
- Measures count = 100

- adc12bit
792
792
792
795
791
788
787
792
791
792
793
796
796
789
793
793
793
793
797
788
795
791
793
789
786
777
789
745
794
795
793
798
795
794
793
786
783
790
782
787
790
792
790
785
1610
3132
3259
3190
3325
3218
3206
3329
3148
3159
3228
3219
3199
2984
2224
843
787
786
782
778
780
778
784
789
784
787
785
782
785
789
780
786
779
776
775
779
761
776
777
778
788
774
776
769
781
786
775
780
780
783
788
785
785
774
782
787
