- Jet Lab

- Experiment date = 2021-11-23 14:16:07
- Number of samples in measure = 15
- Number of motor steps between measures = 10
- Measures count = 100

- adc12bit
788
791
786
781
789
794
787
791
787
785
791
791
794
778
794
786
778
789
782
785
792
783
785
787
794
793
782
786
824
796
786
819
825
840
891
889
881
933
1030
991
1116
1105
1107
1215
1101
1472
1397
1687
1484
1793
1548
1950
1906
1903
1720
1806
1765
1682
1759
1767
1616
1563
1420
1478
1483
1260
1103
981
1065
984
1026
941
939
944
812
864
817
804
794
801
794
781
790
833
788
784
792
794
786
796
786
786
795
786
778
784
788
793
794
783
