- Jet Lab

- Experiment date = 2021-11-23 13:33:28
- Number of samples in measure = 10
- Number of motor steps between measures = 0
- Measures count = 500

- adc12bit
876
876
874
874
875
876
874
874
875
876
874
875
875
874
876
875
879
876
878
875
877
875
875
872
875
876
875
875
879
876
878
878
876
876
878
880
875
873
876
876
875
873
869
871
868
871
869
875
873
875
875
873
872
875
873
872
874
873
873
868
874
878
876
876
872
873
873
874
875
877
876
877
874
876
873
872
873
870
870
871
872
877
877
874
872
877
875
872
872
874
878
875
875
872
876
875
874
877
877
875
874
878
878
879
878
874
874
875
873
877
874
876
880
877
877
876
876
872
873
875
874
871
873
874
877
876
874
876
877
874
876
879
877
879
881
878
875
877
878
874
876
880
873
872
869
869
868
874
871
876
874
876
874
872
870
872
872
869
874
877
876
877
877
873
873
871
872
872
874
872
875
876
874
875
873
872
873
874
873
874
872
871
869
873
871
870
872
874
875
873
871
873
878
876
875
875
877
878
879
876
872
875
873
871
874
875
872
874
874
874
872
875
877
871
871
869
872
873
875
875
879
880
875
876
876
873
872
875
873
875
873
872
876
873
873
872
870
876
878
881
879
876
875
877
877
877
877
879
876
876
876
875
872
875
876
873
876
874
871
875
876
876
874
875
876
874
874
873
876
876
879
874
878
878
877
877
873
877
877
873
875
878
875
876
876
872
873
871
870
875
874
874
875
877
874
872
877
877
878
873
876
873
873
873
878
876
877
876
876
876
878
879
876
875
876
876
873
873
870
874
869
870
874
871
872
877
870
869
874
872
869
870
870
870
868
867
871
874
871
873
874
874
874
875
878
875
874
875
877
872
871
873
873
874
874
874
873
872
873
870
869
870
869
871
871
875
872
874
874
875
874
875
873
876
877
876
880
876
877
875
874
873
878
877
879
877
877
875
875
876
876
874
870
872
870
870
867
868
868
867
869
870
870
871
874
872
875
872
872
877
875
872
874
878
879
875
875
879
876
876
873
874
876
874
876
874
871
873
874
874
872
875
873
876
874
872
872
871
870
868
875
870
875
874
872
874
874
872
877
870
873
872
872
874
872
874
875
875
873
870
872
874
874
872
871
870
870
876
877
874
875
877
873
874
876
875
874
873
872
872
869
871
874
874
875
876
874
878
874
875
874
876
876
876
878
874
877
875
874
875
