- Jet Lab

- Experiment date = 2021-11-23 13:43:49
- Number of samples in measure = 10
- Number of motor steps between measures = 0
- Measures count = 500

- adc12bit
988
994
1018
1025
1040
1043
1051
1056
1050
1055
1060
1063
1058
1052
1058
1068
1056
1054
1064
1054
1044
1042
1041
1037
1041
1054
1060
1057
1059
1067
1066
1063
1061
1068
1077
1079
1069
1070
1060
1058
1051
1052
1039
1036
1033
1026
1024
1022
1018
1021
1026
1027
1034
1040
1047
1049
1052
1066
1074
1083
1083
1093
1099
1100
1093
1086
1076
1066
1055
1049
1037
1027
1024
1029
1025
1029
1036
1036
1024
1028
1028
1024
1021
1028
1027
1019
1028
1022
1013
1007
1014
1016
1014
1013
1012
999
993
995
993
987
986
992
997
1003
1012
1019
1017
1010
1012
1008
1000
988
984
982
984
988
999
1000
1003
1008
1009
1012
1012
1008
1001
995
997
995
995
990
977
968
967
965
970
970
986
997
1003
1007
1014
1018
1017
1017
1027
1036
1046
1056
1058
1070
1071
1071
1073
1066
1066
1058
1052
1046
1045
1043
1044
1035
1024
1015
998
978
964
958
950
946
955
956
961
955
1019
1044
1039
1052
1063
1069
1070
1067
1063
1054
1040
1038
1029
1026
1035
1035
1036
1032
1042
1048
1046
1052
1056
1059
1059
1064
1069
1079
1093
1091
1092
1097
1098
1095
1093
1094
1092
1096
1105
1099
1102
1105
1108
1098
1092
1092
1100
1103
1108
1114
1121
1122
1124
1118
1120
1126
1130
1154
1150
1150
1159
1166
1166
1161
1163
1156
1146
1139
1131
1119
1112
1103
1097
1084
1075
1079
1070
1064
1054
1057
1050
1053
1062
1071
1068
1063
1061
1063
1061
1048
1039
1023
1013
1001
988
978
976
983
981
994
1002
1014
1015
1015
1012
1011
1017
1018
1015
1014
1022
1021
1030
1025
1031
1026
1022
1024
1022
1014
1006
1003
998
993
981
974
972
967
960
958
956
959
962
969
983
982
996
1002
1005
999
1011
1013
1004
1000
1011
1021
1027
1038
1049
1047
1042
1044
1036
1031
1030
1026
1023
1035
1043
1061
1075
1087
1094
1101
1099
1094
1086
1073
1064
1050
1042
1037
1040
1048
1047
1048
1053
1055
1060
1055
1057
1058
1068
1071
1069
1077
1091
1091
1083
1086
1095
1099
1084
1081
1072
1063
1048
1038
1032
1030
1028
1024
1020
1019
1013
1006
1005
1000
989
988
984
979
977
985
1000
1007
1011
1021
1024
1032
1046
1049
1049
1051
1054
1055
1054
1050
1042
1037
1042
1043
1042
1044
1045
1043
1054
1049
1038
1032
1031
1020
1011
1007
995
985
988
989
987
984
993
999
1008
1001
1008
1014
1018
1022
1021
1015
1014
1002
998
986
986
966
959
956
961
974
976
986
997
1001
1008
1018
1021
1019
1008
1009
1003
1000
996
993
990
993
1001
1003
1003
1008
1017
1011
1004
997
990
979
972
980
977
977
989
1006
1005
1010
1020
1032
1047
1060
1068
1068
1072
1068
1074
1069
1065
1064
1066
1066
1067
1069
1066
1070
1072
1069
1067
1067
